#
# YOUR NAME: Jonathan Fokkan
# YOUR STUDENT NUMBER: 260447938
#
# Program to multiply two matrices together, C += A*B
#

.text

main:
	la $a0,A16
	la $a1,B16
	la $a2,C
	li $a3,16	# set N the matrix size
	jal MADD1

	la $a0,C
	la $a1,C16
	li $a2,16
	jal check	# check the answer

	li $v0, 10      # load exit call code 10 into $v0
        syscall         # call operating system to exit	

MADD1:  #( float* A, float* B, float* C, int N )
        # TODO
        # $t0 = i
        # $t1 = j
        # $t2 = k
        # $t3 offset of c when storing
        # $t4 offset of a
        # $t5 offset of b
        # $t6 offset of c when loading 
        
        # int i = 0
        li $t0, 0


CloopMADD1:
        bge $t0, $a3, MADD1done
        
        # int j = 0
        li $t1, 0

AloopMADD1:
        bge $t1, $a3, AloopMADD1done

        # int k = 0
        li $t2, 0

        # clear $f4/ c(i,j) temp var
        mtc1 $zero, $f4

BloopMADD1:
        bge $t2, $a3, BloopMADD1done

        # load c(j,k) into $f4
        mul $t6, $t1, $a3
        add $t6, $t6, $t2
        sll $t6, $t6, 2
        add $t6, $t6, $a2

        lwc1 $f4, 0($t6)


        # c(j,k) = $f4
        # address c(j,k) = $t3
        # c(j,k) = c(j,k) + a(j,i) * b(i,k)
        # a(j,i) = $f6
        # address a(j,i) = $t4
        mul $t4, $t1, $a3
        add $t4, $t4, $t0
        sll $t4, $t4, 2
        add $t4, $t4, $a0

        lwc1 $f6, 0($t4)

        # address b(i,k) = $t5
        mul $t5, $t0, $a3
        add $t5, $t5, $t2
        sll $t5, $t5, 2
        add $t5, $t5, $a1

        lwc1 $f8, 0($t5)

        mul.s $f10, $f6, $f8

        add.s $f4, $f4, $f10
        
        # load c(j,k) into memory
        mul $t3, $t1, $a3
        add $t3, $t3, $t2
        sll $t3, $t3, 2
        add $t3, $t3, $a2
        swc1 $f4, 0($t3)
        
        # k++
        add $t2, $t2, 1
        j BloopMADD1
    
BloopMADD1done:

        # j++
        add $t1, $t1, 1

        j AloopMADD1
        
AloopMADD1done:
        # i++
        add $t0, $t0, 1
        j CloopMADD1

MADD1done:
        jr $ra

check: 				#( float* C, float* CAnswer, int N )
	mul $t0,$a2,$a2
	sll $t0,$t0,2
	add $t0,$t0,$a0         # next address beyond the end of C, to use in loop
	mtc1 $zero, $f12	# $f12 will be the Frobenious norm of the difference
cloop:	beq $a0,$t0 cdone
        lwc1 $f4,0($a0)
        lwc1 $f6,0($a1)
        sub.s $f6,$f4,$f6
        mul.s $f6,$f6,$f6
        add.s $f12,$f12,$f6	# add the sum of squares        
        addi $a0,$a0,4
        addi $a1,$a1,4
        j cloop
cdone:	li $v0, 2       	# print float in $f12
	syscall
        jr $ra
                
.data

zero: .float 0

A:	 .space 4096     # space for 32x32 matrix (4 bytes per float) 
B:	 .space 4096      
C:	 .space 4096     

A8: .float
0.258064695912067	0.296675873218327	0.928854139478045	0.521135830804002	0.0377388662395521	0.136553137355370	0.890922504330789	0.904722238067363
0.408719846112552	0.318778301925882	0.730330862855453	0.231594386708524	0.885168008202475	0.721227498581740	0.334163052737496	0.609866648422558
0.594896074008614	0.424166759713807	0.488608973803579	0.488897743920167	0.913286827639239	0.106761861607241	0.698745832334795	0.617666389588455
0.262211747780845	0.507858284661118	0.578525061023439	0.624060088173690	0.796183873585212	0.653757348668560	0.197809826685929	0.859442305646212
0.602843089382083	0.0855157970900440	0.237283579771521	0.679135540865748	0.0987122786555743	0.494173936639270	0.0305409463046367	0.805489424529686
0.711215780433683	0.262482234698333	0.458848828179931	0.395515215668593	0.261871183870716	0.779051723231275	0.744074260367462	0.576721515614685
0.221746734017240	0.801014622769739	0.963088539286913	0.367436648544477	0.335356839962797	0.715037078400694	0.500022435590201	0.182922469414914
0.117417650855806	0.0292202775621463	0.546805718738968	0.987982003161633	0.679727951377338	0.903720560556316	0.479922141146060	0.239932010568717

B8: .float
0.886511933076101	0.0596188675796392	0.722439592366842	0.432391503783462	0.0604711791698936	0.0154871256360190	0.951630464777727	0.417744104316662
0.0286741524641061	0.681971904149063	0.149865442477967	0.825313795402046	0.399257770613576	0.984063724379154	0.920332039836564	0.983052466469856
0.489901388512224	0.0424311375007417	0.659605252908307	0.0834698148589140	0.526875830508296	0.167168409914656	0.0526769976807926	0.301454948712065
0.167927145682257	0.0714454646006424	0.518594942510538	0.133171007607162	0.416799467930787	0.106216344928664	0.737858095516997	0.701098755900926
0.978680649641159	0.521649842464284	0.972974554763863	0.173388613119006	0.656859890973707	0.372409740055537	0.269119426398556	0.666338851584426
0.712694471678914	0.0967300257808670	0.648991492712356	0.390937802323736	0.627973359190104	0.198118402542975	0.422835615008808	0.539126465042857
0.500471624154843	0.818148553859625	0.800330575352402	0.831379742839070	0.291984079961715	0.489687638016024	0.547870901214845	0.698105520180308
0.471088374541939	0.817547092079286	0.453797708726920	0.803364391602440	0.431651170248720	0.339493413390758	0.942736984276934	0.666527913402587

C8: .float
1.78618467238133	1.79581051988466	2.36276727071098	2.03081096560074	1.60185603784986	1.29110184617345	2.36099749859119	2.36857514066556
2.60300867279768	1.59280222765793	2.81839645695349	1.73481604729381	2.02847554264411	1.30993027089109	2.19288620962392	2.48507737342621
2.47159715965666	1.94379086437857	2.86658899027085	1.99041488978909	1.80411869010385	1.47335853488331	2.59901650150793	2.72115855362605
2.38424359217520	1.77415112709995	2.71805093845011	1.91244477746126	2.14580145278870	1.48149033719996	2.61717242328508	2.81463630008266
1.61071494402924	0.935656829756234	1.76377465549926	1.32428828119175	1.21045592065176	0.628371157015110	2.17760871962769	1.77397211640793
2.38482512283099	1.56135766809641	2.67853096519341	2.04701710340873	1.68184977797879	1.20005412857458	2.58562907191749	2.46910316556690
1.92730045356778	1.42935114430105	2.37959177212837	1.78663455671465	1.88806005480820	1.56521734630976	2.10905879053338	2.50795803317987
2.20124972875523	1.15151635273459	2.70308658061502	1.31500462039897	1.97635091930214	0.975569817303515	1.95060656560452	2.37039233254673

A16:
0.178132454400338	0.190923695236303	0.584069333278452	0.695949313301608	0.778802241824093	0.289064571674477	0.462449159242329	0.242849598318169	0.208934922426023	0.582249164527227	0.218676632399634	0.525404403859336	0.687796085120107	0.769114387388296	0.514423456505704	0.189710406017580
0.128014399720173	0.428252992979386	0.107769015243743	0.699887849928292	0.423452918962738	0.671808165414215	0.424349039815375	0.917424342049382	0.709281702710545	0.540739337124410	0.105798273250228	0.530344218392863	0.359228210401861	0.396791517013617	0.884281023126955	0.495005824990221
0.999080394761361	0.482022061031856	0.906308150649733	0.638530758271838	0.0908232857874395	0.695140499551737	0.460916366028964	0.269061586686018	0.236230576993797	0.869941032358007	0.109697464523194	0.861139811393332	0.736340074301202	0.808514095887345	0.588026055308498	0.147608221976689
0.171121066356432	0.120611613297162	0.879653724481905	0.0336038360664295	0.266471490779072	0.0679927684700106	0.770159728608609	0.765500016621438	0.119396247797306	0.264779026475630	0.0635913709751057	0.484853333552102	0.394707475278763	0.755077099007084	0.154752348656045	0.0549741469061882
0.0326008205305280	0.589507484695059	0.817760559370642	0.0688060991180512	0.153656717591307	0.254790156597005	0.322471807186779	0.188661976791491	0.607303940685635	0.318074075481059	0.404579995857626	0.393456361215266	0.683415866967978	0.377395544835103	0.199862822857452	0.850712674289007
0.561199792709660	0.226187679752676	0.260727999055465	0.319599735180496	0.281005302533871	0.224040030824219	0.784739294760742	0.287498173066131	0.450137696965896	0.119214541054191	0.448372912066495	0.671431139674026	0.704047430334266	0.216018915961394	0.406954837138907	0.560559527354885
0.881866500451810	0.384619124369411	0.594356250664331	0.530864280694127	0.440085139001721	0.667832727013717	0.471357153710612	0.0911134636865350	0.458725493648868	0.939829470344921	0.365816176838171	0.741257943454207	0.442305413383371	0.790407217966913	0.748705718215691	0.929608866756663
0.669175304534394	0.582986382747674	0.0225125927402318	0.654445707757066	0.527142741760652	0.844392156527205	0.0357627332691179	0.576209380663007	0.661944751905652	0.645551874972524	0.763504640848813	0.520052467390387	0.0195776235533187	0.949303911849797	0.825583815786156	0.696667200555228
0.190433267179954	0.251806122472313	0.425259320214135	0.407619197041153	0.457424365687674	0.344462411301042	0.175874415683531	0.683363243294653	0.770285514803660	0.479463224948888	0.627896379614169	0.347712671277525	0.330857880214071	0.327565434075205	0.789963029944531	0.582790965175840
0.368916546063895	0.290440664276979	0.312718886820616	0.819981222781941	0.875371598604185	0.780519652731358	0.721758033391102	0.546593114590323	0.350218013441105	0.639316961040108	0.771980385554245	0.149997253831683	0.424309496833137	0.671264370451740	0.318524245398992	0.815397211477421
0.460725937260412	0.617090884393223	0.161484744311750	0.718358943205884	0.518052108361104	0.675332065747000	0.473485992965320	0.425728841871188	0.662009598359135	0.544716110526763	0.932853570278820	0.586092067231462	0.270270423432065	0.438644982586956	0.534064127370726	0.879013904597178
0.981637950970750	0.265280909810029	0.178766186752368	0.968649330231094	0.943622624548388	0.00671531431847749	0.152721200438232	0.644442781431337	0.416158589969797	0.647311480293128	0.972740854003014	0.262145317727807	0.197053798095456	0.833500595588975	0.0899506787705811	0.988911616079589
0.156404952226563	0.824376266688835	0.422885689100085	0.531333906565675	0.637709098072174	0.602170487581795	0.341124607049109	0.647617630172684	0.841929152691309	0.543885933999639	0.192028349427775	0.0444540922782385	0.821721184961310	0.768854252429615	0.111705744193203	0.000522375356944771
0.855522805845911	0.982663399721950	0.0942293388877347	0.325145681820560	0.957693939841583	0.386771194520985	0.607389213768347	0.679016754093202	0.832916819075216	0.721046620579811	0.138874202829155	0.754933267231179	0.429921409383266	0.167253545494722	0.136292548938299	0.865438591013025
0.644764536870088	0.730248792267598	0.598523668756741	0.105629203329022	0.240707035480160	0.915991244131425	0.191745255461798	0.635786710514084	0.256440992229147	0.522495305777102	0.696266337082995	0.242785357820962	0.887770954256354	0.861980478702072	0.678652304800188	0.612566469483999
0.376272210278832	0.343877004114983	0.470924256358334	0.610958658746201	0.676122303863752	0.00115105712910724	0.738426839976942	0.945174113109401	0.613460736812875	0.993704624120852	0.0938200267748656	0.442402313001943	0.391182995461163	0.989872153631504	0.495177019089661	0.989950205708831

B16:
0.527680069338442	0.890752116325322	0.362411462273053	0.123932277598070	0.573709764841198	0.939141706069548	0.898486137834300	0.335848974676925	0.894941675440814	0.298243971887764	0.0484473392532221	0.104813241973500	0.117492852151833	0.789363943641905	0.530872257027928	0.187460806421687
0.479523385210219	0.982303222883606	0.0495325790420612	0.490357293468018	0.0520778902858696	0.301306064586392	0.118155198446711	0.175669029675661	0.0714528127870445	0.0463512648981808	0.667916121573624	0.127888379782995	0.640717922965926	0.367652918437877	0.0914987313394122	0.266178838907639
0.801347605521952	0.769029085335896	0.489569989177322	0.852998155340816	0.931201384608250	0.295533834475356	0.988417928784981	0.208946673993135	0.242486558936719	0.505428142457703	0.603467983830770	0.549540107015198	0.328814214756803	0.206027859505195	0.405315419880591	0.797830260211597
0.227842935706042	0.581446487875398	0.192510396062075	0.873927405861733	0.728661681678271	0.332936281836175	0.539982099037929	0.905153559004464	0.0537543922087138	0.761425886690113	0.526102465795561	0.485229408584959	0.653812022595774	0.0866665473955323	0.104846247115757	0.487603775433924
0.498094291196390	0.928313062314188	0.123083747545945	0.270294332292698	0.737841653797590	0.467068187028852	0.706917419322763	0.675391177336247	0.441722057064424	0.631069999213594	0.729709448223228	0.890475679184438	0.749131463103519	0.771933917099107	0.112283962156027	0.768958264058869
0.900852488532005	0.580090365758442	0.205494170907680	0.208461358751314	0.0634045006928182	0.648198406466157	0.999491620097705	0.468468199903997	0.0132832004672525	0.0898916507760917	0.707253485315422	0.798960278812879	0.583185731454876	0.205674521464760	0.784427890743913	0.396006745217875
0.574661219130188	0.0169829383372613	0.146514910614890	0.564979570738201	0.860440563038232	0.0252281814930363	0.287849344815137	0.912132474239623	0.897191350973572	0.0808624231303137	0.781377051799277	0.734341083695970	0.740032327987778	0.388271631047802	0.291570317906931	0.272938794123691
0.845178185054037	0.120859571098558	0.189072174472614	0.640311825162758	0.934405118961213	0.842206612419335	0.414522538893108	0.104011574779379	0.196658191367632	0.777240536548943	0.287976975614171	0.0513318861123711	0.234826914747904	0.551778531957228	0.603533438750887	0.0372346340703280
0.738640291995402	0.862710718699670	0.0426524109111434	0.417028951642886	0.984398312240972	0.559032544988695	0.464839941625137	0.745546073701717	0.0933705167550930	0.905134744223571	0.692531986386519	0.0728852990989761	0.734957541696052	0.228953252023100	0.964422667215901	0.673294914108653
0.585987035826476	0.484296511212103	0.635197916859882	0.205975515532243	0.858938816683866	0.854099949273443	0.763957078491957	0.736267455596639	0.307366899587920	0.533771951767000	0.556669834964013	0.0885274596747204	0.970598525086615	0.641940620399187	0.432484993970361	0.429564459251853
0.246734525985975	0.844855674576263	0.281866855880430	0.947933121293169	0.785558989265031	0.347879194327261	0.818204038907671	0.561861425281637	0.456057666843742	0.109154212042459	0.396520792581593	0.798350864113952	0.866930291751916	0.484480372398180	0.694752194617940	0.451739234904736
0.666416217319468	0.209405084020935	0.538596678045340	0.0820712070977259	0.513377418587575	0.446026648055103	0.100221540195492	0.184194097515527	0.101669393624755	0.825808857855598	0.0615906670539647	0.943008139570703	0.0862345298634963	0.151845525116267	0.758099275289454	0.609857169290216
0.0834828136026227	0.552291341538775	0.695163039444332	0.105709426581721	0.177602460505865	0.0542394844411296	0.178116953886766	0.597211350337855	0.995389727655092	0.338097718802172	0.780175531491174	0.683715572408358	0.366436616319199	0.781931966588002	0.432642326147101	0.0594032968582772
0.625959785171583	0.629883385064421	0.499116013482590	0.142041121903998	0.398589496735843	0.177107533789109	0.359634913482080	0.299936990089789	0.332092833452499	0.293973053026484	0.337583864052045	0.132082955713563	0.369198804330018	0.100606322362422	0.655498039803537	0.315811438338866
0.660944557947342	0.0319910157625669	0.535801055751113	0.166460440876421	0.133931250987971	0.662808061960974	0.0567046890682912	0.134122932828682	0.297346815887922	0.746313427703679	0.607865907262946	0.722724539656766	0.685028472661609	0.294066333758628	0.109755050723052	0.772722130862935
0.729751855317221	0.614713419117141	0.445183165296042	0.620958643935308	0.0308895487449515	0.330828995203305	0.521885673661279	0.212601533358843	0.0620452213196326	0.0103366183433964	0.741254049502218	0.110353480642349	0.597941635383889	0.237373019705579	0.933759848385332	0.696432989006095

C16:
3.84839532727886	3.88229556286261	2.70833129336652	2.75251310332652	4.03170603614900	2.89822353925379	3.50976125252716	3.50871137776884	2.61901158609269	3.43288482585074	3.89623325706136	3.67964915700520	3.89698052055597	2.78447206694029	3.05621402365988	3.36152334957387
4.79845785659967	3.78055169310059	2.51203411143489	3.11102542057323	4.15722709216279	3.90207876447000	3.52100639977562	3.49890085315704	2.08362928669484	4.00370949276210	4.29088670608860	3.41543444516108	4.38439804328341	2.81704048435323	3.84441125654813	3.56263652918701
5.14296792755010	4.88318251279144	3.57859250332298	3.12802485088641	4.71099538942716	4.21423625171871	4.68118761760356	3.85233484678275	3.31092869762518	3.95907431280513	4.30743648317991	4.00817366382167	4.26616464735240	3.40993335128976	4.24506481824101	3.79469711575717
3.37439395912900	2.47817059045673	2.02044813080884	2.28481901830758	3.56428533291076	2.10804586295767	2.58867530669490	2.19045242420233	2.20090189944643	2.48656645031743	2.68495653023631	2.45717722396675	2.40155007996659	2.04956283432220	2.60720099442403	2.19124492863977
3.66489309638960	3.84239546188378	2.31195408112452	2.87038913539490	3.16002001397029	2.32199894295046	3.08721553792353	2.60031360331400	1.96776192805487	2.38385214431035	3.71860897293868	2.67035619956909	3.41714531495270	2.24928245373696	3.49689152855577	3.03803467244890
3.55455775564240	3.39530447310946	2.30150086874030	2.64562160780808	3.50021595223871	2.65760616220180	2.98206081600468	3.07039534255070	2.76625491421270	2.72290876135351	3.44555872707966	3.30672189312845	3.33981068068802	2.65764377569510	3.38791932728293	2.84016708510349
5.59444894475229	5.39676986420406	3.64539331268949	3.50502577374287	4.77335257454828	4.50834642882061	5.05943504835442	4.19326435273154	3.19040124121501	3.95135616818598	4.91324761170412	4.16030503144231	5.13496207018944	3.58067874906893	4.89025860183827	4.56739297644337
5.38270616719842	5.31708520862741	2.93449556004753	3.54999998505917	4.51059601032423	4.67423575242924	4.74450411592838	3.81723263362491	2.35539328045215	3.96116773118470	4.46198476264781	3.69218217042760	5.09614713178832	3.25012298438359	4.78022617102856	4.19779176655641
4.28831717329436	3.96366420189526	2.42808638004821	3.21704739309400	4.11958334211645	3.53900593487726	3.64146288618431	3.13764373117601	2.06243072372792	3.57132702923889	3.91175311974696	3.16289889172454	4.16184830457534	2.73859363247115	3.76334228349849	3.56205296987643
4.97217500460378	5.13885278004133	2.81935263610892	4.04995902479721	4.93070754936962	3.89280007968823	5.00939586363618	4.51853212094792	3.01000681816955	3.46499867326034	5.01358734420256	4.14555694153236	5.31098522866767	3.52549106070488	4.37025887739738	3.99718949837518
5.05094581035746	5.21937374798981	2.80443259363113	3.99241692065268	4.67532157157131	4.11411569122072	4.62915172267450	4.16771595181005	2.62282343245227	3.65520236831437	4.76093016833843	4.05456640409437	5.23152639774119	3.30699091807730	4.67505557165933	4.17861648892826
4.53836266626782	5.58987945131113	2.79037277531750	4.02489650492914	5.15373116914322	4.15477666732932	4.96414573099388	4.10888447147753	2.94269038692229	3.67616443695222	4.11369409695730	3.22632924343945	4.78547423395191	3.65889002888591	4.38484788388534	3.85422590542787
4.18294980546644	4.71193143014910	2.25601338696962	3.01780061397000	4.25798421518554	3.21614775502292	3.76006484567909	3.73862293976670	2.49747631152104	3.38793450963455	4.37083892173467	2.99365883895770	4.24522741125956	3.06017437049586	3.50640808367627	2.98394321958984
5.25796087184782	5.41696616312911	2.66211202565792	3.38860791348642	4.87883693557961	4.41694276110304	4.39680703737292	4.10473506481524	3.00002461958258	3.89446828318761	4.76423715191076	3.52495825230499	4.85326878796882	3.94750540083002	4.51683284752107	3.91638280592803
5.12513652417697	5.19313854392830	3.30290047376091	3.41642003436095	4.02089265128776	4.07749109575135	4.65733735032550	3.41999803272955	3.13207549867650	3.20686500580728	4.70183840700299	3.78943691669817	4.61010157322552	3.60355765847360	4.58461867579822	3.60379273962206
5.49639778644563	4.79176625960882	3.26602602075807	3.82113324133441	5.45414723962283	4.20464366829627	4.39334719844349	4.19782215082683	3.03265415162241	4.31680145090763	4.91350815423463	3.32252478693450	5.06921179317495	3.58086396654251	4.56750434711378	4.15279997054477

A32:
3.84839532727886	3.88229556286261	2.70833129336652	2.75251310332652	4.03170603614900	2.89822353925379	3.50976125252716	3.50871137776884	2.61901158609269	3.43288482585074	3.89623325706136	3.67964915700520	3.89698052055597	2.78447206694029	3.05621402365988	3.36152334957387
4.79845785659967	3.78055169310059	2.51203411143489	3.11102542057323	4.15722709216279	3.90207876447000	3.52100639977562	3.49890085315704	2.08362928669484	4.00370949276210	4.29088670608860	3.41543444516108	4.38439804328341	2.81704048435323	3.84441125654813	3.56263652918701
5.14296792755010	4.88318251279144	3.57859250332298	3.12802485088641	4.71099538942716	4.21423625171871	4.68118761760356	3.85233484678275	3.31092869762518	3.95907431280513	4.30743648317991	4.00817366382167	4.26616464735240	3.40993335128976	4.24506481824101	3.79469711575717
3.37439395912900	2.47817059045673	2.02044813080884	2.28481901830758	3.56428533291076	2.10804586295767	2.58867530669490	2.19045242420233	2.20090189944643	2.48656645031743	2.68495653023631	2.45717722396675	2.40155007996659	2.04956283432220	2.60720099442403	2.19124492863977
3.66489309638960	3.84239546188378	2.31195408112452	2.87038913539490	3.16002001397029	2.32199894295046	3.08721553792353	2.60031360331400	1.96776192805487	2.38385214431035	3.71860897293868	2.67035619956909	3.41714531495270	2.24928245373696	3.49689152855577	3.03803467244890
3.55455775564240	3.39530447310946	2.30150086874030	2.64562160780808	3.50021595223871	2.65760616220180	2.98206081600468	3.07039534255070	2.76625491421270	2.72290876135351	3.44555872707966	3.30672189312845	3.33981068068802	2.65764377569510	3.38791932728293	2.84016708510349
5.59444894475229	5.39676986420406	3.64539331268949	3.50502577374287	4.77335257454828	4.50834642882061	5.05943504835442	4.19326435273154	3.19040124121501	3.95135616818598	4.91324761170412	4.16030503144231	5.13496207018944	3.58067874906893	4.89025860183827	4.56739297644337
5.38270616719842	5.31708520862741	2.93449556004753	3.54999998505917	4.51059601032423	4.67423575242924	4.74450411592838	3.81723263362491	2.35539328045215	3.96116773118470	4.46198476264781	3.69218217042760	5.09614713178832	3.25012298438359	4.78022617102856	4.19779176655641
4.28831717329436	3.96366420189526	2.42808638004821	3.21704739309400	4.11958334211645	3.53900593487726	3.64146288618431	3.13764373117601	2.06243072372792	3.57132702923889	3.91175311974696	3.16289889172454	4.16184830457534	2.73859363247115	3.76334228349849	3.56205296987643
4.97217500460378	5.13885278004133	2.81935263610892	4.04995902479721	4.93070754936962	3.89280007968823	5.00939586363618	4.51853212094792	3.01000681816955	3.46499867326034	5.01358734420256	4.14555694153236	5.31098522866767	3.52549106070488	4.37025887739738	3.99718949837518
5.05094581035746	5.21937374798981	2.80443259363113	3.99241692065268	4.67532157157131	4.11411569122072	4.62915172267450	4.16771595181005	2.62282343245227	3.65520236831437	4.76093016833843	4.05456640409437	5.23152639774119	3.30699091807730	4.67505557165933	4.17861648892826
4.53836266626782	5.58987945131113	2.79037277531750	4.02489650492914	5.15373116914322	4.15477666732932	4.96414573099388	4.10888447147753	2.94269038692229	3.67616443695222	4.11369409695730	3.22632924343945	4.78547423395191	3.65889002888591	4.38484788388534	3.85422590542787
4.18294980546644	4.71193143014910	2.25601338696962	3.01780061397000	4.25798421518554	3.21614775502292	3.76006484567909	3.73862293976670	2.49747631152104	3.38793450963455	4.37083892173467	2.99365883895770	4.24522741125956	3.06017437049586	3.50640808367627	2.98394321958984
5.25796087184782	5.41696616312911	2.66211202565792	3.38860791348642	4.87883693557961	4.41694276110304	4.39680703737292	4.10473506481524	3.00002461958258	3.89446828318761	4.76423715191076	3.52495825230499	4.85326878796882	3.94750540083002	4.51683284752107	3.91638280592803
5.12513652417697	5.19313854392830	3.30290047376091	3.41642003436095	4.02089265128776	4.07749109575135	4.65733735032550	3.41999803272955	3.13207549867650	3.20686500580728	4.70183840700299	3.78943691669817	4.61010157322552	3.60355765847360	4.58461867579822	3.60379273962206
5.49639778644563	4.79176625960882	3.26602602075807	3.82113324133441	5.45414723962283	4.20464366829627	4.39334719844349	4.19782215082683	3.03265415162241	4.31680145090763	4.91350815423463	3.32252478693450	5.06921179317495	3.58086396654251	4.56750434711378	4.15279997054477
3.84839532727886	3.88229556286261	2.70833129336652	2.75251310332652	4.03170603614900	2.89822353925379	3.50976125252716	3.50871137776884	2.61901158609269	3.43288482585074	3.89623325706136	3.67964915700520	3.89698052055597	2.78447206694029	3.05621402365988	3.36152334957387
4.79845785659967	3.78055169310059	2.51203411143489	3.11102542057323	4.15722709216279	3.90207876447000	3.52100639977562	3.49890085315704	2.08362928669484	4.00370949276210	4.29088670608860	3.41543444516108	4.38439804328341	2.81704048435323	3.84441125654813	3.56263652918701
5.14296792755010	4.88318251279144	3.57859250332298	3.12802485088641	4.71099538942716	4.21423625171871	4.68118761760356	3.85233484678275	3.31092869762518	3.95907431280513	4.30743648317991	4.00817366382167	4.26616464735240	3.40993335128976	4.24506481824101	3.79469711575717
3.37439395912900	2.47817059045673	2.02044813080884	2.28481901830758	3.56428533291076	2.10804586295767	2.58867530669490	2.19045242420233	2.20090189944643	2.48656645031743	2.68495653023631	2.45717722396675	2.40155007996659	2.04956283432220	2.60720099442403	2.19124492863977
3.66489309638960	3.84239546188378	2.31195408112452	2.87038913539490	3.16002001397029	2.32199894295046	3.08721553792353	2.60031360331400	1.96776192805487	2.38385214431035	3.71860897293868	2.67035619956909	3.41714531495270	2.24928245373696	3.49689152855577	3.03803467244890
3.55455775564240	3.39530447310946	2.30150086874030	2.64562160780808	3.50021595223871	2.65760616220180	2.98206081600468	3.07039534255070	2.76625491421270	2.72290876135351	3.44555872707966	3.30672189312845	3.33981068068802	2.65764377569510	3.38791932728293	2.84016708510349
5.59444894475229	5.39676986420406	3.64539331268949	3.50502577374287	4.77335257454828	4.50834642882061	5.05943504835442	4.19326435273154	3.19040124121501	3.95135616818598	4.91324761170412	4.16030503144231	5.13496207018944	3.58067874906893	4.89025860183827	4.56739297644337
5.38270616719842	5.31708520862741	2.93449556004753	3.54999998505917	4.51059601032423	4.67423575242924	4.74450411592838	3.81723263362491	2.35539328045215	3.96116773118470	4.46198476264781	3.69218217042760	5.09614713178832	3.25012298438359	4.78022617102856	4.19779176655641
4.28831717329436	3.96366420189526	2.42808638004821	3.21704739309400	4.11958334211645	3.53900593487726	3.64146288618431	3.13764373117601	2.06243072372792	3.57132702923889	3.91175311974696	3.16289889172454	4.16184830457534	2.73859363247115	3.76334228349849	3.56205296987643
4.97217500460378	5.13885278004133	2.81935263610892	4.04995902479721	4.93070754936962	3.89280007968823	5.00939586363618	4.51853212094792	3.01000681816955	3.46499867326034	5.01358734420256	4.14555694153236	5.31098522866767	3.52549106070488	4.37025887739738	3.99718949837518
5.05094581035746	5.21937374798981	2.80443259363113	3.99241692065268	4.67532157157131	4.11411569122072	4.62915172267450	4.16771595181005	2.62282343245227	3.65520236831437	4.76093016833843	4.05456640409437	5.23152639774119	3.30699091807730	4.67505557165933	4.17861648892826
4.53836266626782	5.58987945131113	2.79037277531750	4.02489650492914	5.15373116914322	4.15477666732932	4.96414573099388	4.10888447147753	2.94269038692229	3.67616443695222	4.11369409695730	3.22632924343945	4.78547423395191	3.65889002888591	4.38484788388534	3.85422590542787
4.18294980546644	4.71193143014910	2.25601338696962	3.01780061397000	4.25798421518554	3.21614775502292	3.76006484567909	3.73862293976670	2.49747631152104	3.38793450963455	4.37083892173467	2.99365883895770	4.24522741125956	3.06017437049586	3.50640808367627	2.98394321958984
5.25796087184782	5.41696616312911	2.66211202565792	3.38860791348642	4.87883693557961	4.41694276110304	4.39680703737292	4.10473506481524	3.00002461958258	3.89446828318761	4.76423715191076	3.52495825230499	4.85326878796882	3.94750540083002	4.51683284752107	3.91638280592803
5.12513652417697	5.19313854392830	3.30290047376091	3.41642003436095	4.02089265128776	4.07749109575135	4.65733735032550	3.41999803272955	3.13207549867650	3.20686500580728	4.70183840700299	3.78943691669817	4.61010157322552	3.60355765847360	4.58461867579822	3.60379273962206
5.49639778644563	4.79176625960882	3.26602602075807	3.82113324133441	5.45414723962283	4.20464366829627	4.39334719844349	4.19782215082683	3.03265415162241	4.31680145090763	4.91350815423463	3.32252478693450	5.06921179317495	3.58086396654251	4.56750434711378	4.15279997054477
3.84839532727886	3.88229556286261	2.70833129336652	2.75251310332652	4.03170603614900	2.89822353925379	3.50976125252716	3.50871137776884	2.61901158609269	3.43288482585074	3.89623325706136	3.67964915700520	3.89698052055597	2.78447206694029	3.05621402365988	3.36152334957387
4.79845785659967	3.78055169310059	2.51203411143489	3.11102542057323	4.15722709216279	3.90207876447000	3.52100639977562	3.49890085315704	2.08362928669484	4.00370949276210	4.29088670608860	3.41543444516108	4.38439804328341	2.81704048435323	3.84441125654813	3.56263652918701
5.14296792755010	4.88318251279144	3.57859250332298	3.12802485088641	4.71099538942716	4.21423625171871	4.68118761760356	3.85233484678275	3.31092869762518	3.95907431280513	4.30743648317991	4.00817366382167	4.26616464735240	3.40993335128976	4.24506481824101	3.79469711575717
3.37439395912900	2.47817059045673	2.02044813080884	2.28481901830758	3.56428533291076	2.10804586295767	2.58867530669490	2.19045242420233	2.20090189944643	2.48656645031743	2.68495653023631	2.45717722396675	2.40155007996659	2.04956283432220	2.60720099442403	2.19124492863977
3.66489309638960	3.84239546188378	2.31195408112452	2.87038913539490	3.16002001397029	2.32199894295046	3.08721553792353	2.60031360331400	1.96776192805487	2.38385214431035	3.71860897293868	2.67035619956909	3.41714531495270	2.24928245373696	3.49689152855577	3.03803467244890
3.55455775564240	3.39530447310946	2.30150086874030	2.64562160780808	3.50021595223871	2.65760616220180	2.98206081600468	3.07039534255070	2.76625491421270	2.72290876135351	3.44555872707966	3.30672189312845	3.33981068068802	2.65764377569510	3.38791932728293	2.84016708510349
5.59444894475229	5.39676986420406	3.64539331268949	3.50502577374287	4.77335257454828	4.50834642882061	5.05943504835442	4.19326435273154	3.19040124121501	3.95135616818598	4.91324761170412	4.16030503144231	5.13496207018944	3.58067874906893	4.89025860183827	4.56739297644337
5.38270616719842	5.31708520862741	2.93449556004753	3.54999998505917	4.51059601032423	4.67423575242924	4.74450411592838	3.81723263362491	2.35539328045215	3.96116773118470	4.46198476264781	3.69218217042760	5.09614713178832	3.25012298438359	4.78022617102856	4.19779176655641
4.28831717329436	3.96366420189526	2.42808638004821	3.21704739309400	4.11958334211645	3.53900593487726	3.64146288618431	3.13764373117601	2.06243072372792	3.57132702923889	3.91175311974696	3.16289889172454	4.16184830457534	2.73859363247115	3.76334228349849	3.56205296987643
4.97217500460378	5.13885278004133	2.81935263610892	4.04995902479721	4.93070754936962	3.89280007968823	5.00939586363618	4.51853212094792	3.01000681816955	3.46499867326034	5.01358734420256	4.14555694153236	5.31098522866767	3.52549106070488	4.37025887739738	3.99718949837518
5.05094581035746	5.21937374798981	2.80443259363113	3.99241692065268	4.67532157157131	4.11411569122072	4.62915172267450	4.16771595181005	2.62282343245227	3.65520236831437	4.76093016833843	4.05456640409437	5.23152639774119	3.30699091807730	4.67505557165933	4.17861648892826
4.53836266626782	5.58987945131113	2.79037277531750	4.02489650492914	5.15373116914322	4.15477666732932	4.96414573099388	4.10888447147753	2.94269038692229	3.67616443695222	4.11369409695730	3.22632924343945	4.78547423395191	3.65889002888591	4.38484788388534	3.85422590542787
4.18294980546644	4.71193143014910	2.25601338696962	3.01780061397000	4.25798421518554	3.21614775502292	3.76006484567909	3.73862293976670	2.49747631152104	3.38793450963455	4.37083892173467	2.99365883895770	4.24522741125956	3.06017437049586	3.50640808367627	2.98394321958984
5.25796087184782	5.41696616312911	2.66211202565792	3.38860791348642	4.87883693557961	4.41694276110304	4.39680703737292	4.10473506481524	3.00002461958258	3.89446828318761	4.76423715191076	3.52495825230499	4.85326878796882	3.94750540083002	4.51683284752107	3.91638280592803
5.12513652417697	5.19313854392830	3.30290047376091	3.41642003436095	4.02089265128776	4.07749109575135	4.65733735032550	3.41999803272955	3.13207549867650	3.20686500580728	4.70183840700299	3.78943691669817	4.61010157322552	3.60355765847360	4.58461867579822	3.60379273962206
5.49639778644563	4.79176625960882	3.26602602075807	3.82113324133441	5.45414723962283	4.20464366829627	4.39334719844349	4.19782215082683	3.03265415162241	4.31680145090763	4.91350815423463	3.32252478693450	5.06921179317495	3.58086396654251	4.56750434711378	4.15279997054477
3.84839532727886	3.88229556286261	2.70833129336652	2.75251310332652	4.03170603614900	2.89822353925379	3.50976125252716	3.50871137776884	2.61901158609269	3.43288482585074	3.89623325706136	3.67964915700520	3.89698052055597	2.78447206694029	3.05621402365988	3.36152334957387
4.79845785659967	3.78055169310059	2.51203411143489	3.11102542057323	4.15722709216279	3.90207876447000	3.52100639977562	3.49890085315704	2.08362928669484	4.00370949276210	4.29088670608860	3.41543444516108	4.38439804328341	2.81704048435323	3.84441125654813	3.56263652918701
5.14296792755010	4.88318251279144	3.57859250332298	3.12802485088641	4.71099538942716	4.21423625171871	4.68118761760356	3.85233484678275	3.31092869762518	3.95907431280513	4.30743648317991	4.00817366382167	4.26616464735240	3.40993335128976	4.24506481824101	3.79469711575717
3.37439395912900	2.47817059045673	2.02044813080884	2.28481901830758	3.56428533291076	2.10804586295767	2.58867530669490	2.19045242420233	2.20090189944643	2.48656645031743	2.68495653023631	2.45717722396675	2.40155007996659	2.04956283432220	2.60720099442403	2.19124492863977
3.66489309638960	3.84239546188378	2.31195408112452	2.87038913539490	3.16002001397029	2.32199894295046	3.08721553792353	2.60031360331400	1.96776192805487	2.38385214431035	3.71860897293868	2.67035619956909	3.41714531495270	2.24928245373696	3.49689152855577	3.03803467244890
3.55455775564240	3.39530447310946	2.30150086874030	2.64562160780808	3.50021595223871	2.65760616220180	2.98206081600468	3.07039534255070	2.76625491421270	2.72290876135351	3.44555872707966	3.30672189312845	3.33981068068802	2.65764377569510	3.38791932728293	2.84016708510349
5.59444894475229	5.39676986420406	3.64539331268949	3.50502577374287	4.77335257454828	4.50834642882061	5.05943504835442	4.19326435273154	3.19040124121501	3.95135616818598	4.91324761170412	4.16030503144231	5.13496207018944	3.58067874906893	4.89025860183827	4.56739297644337
5.38270616719842	5.31708520862741	2.93449556004753	3.54999998505917	4.51059601032423	4.67423575242924	4.74450411592838	3.81723263362491	2.35539328045215	3.96116773118470	4.46198476264781	3.69218217042760	5.09614713178832	3.25012298438359	4.78022617102856	4.19779176655641
4.28831717329436	3.96366420189526	2.42808638004821	3.21704739309400	4.11958334211645	3.53900593487726	3.64146288618431	3.13764373117601	2.06243072372792	3.57132702923889	3.91175311974696	3.16289889172454	4.16184830457534	2.73859363247115	3.76334228349849	3.56205296987643
4.97217500460378	5.13885278004133	2.81935263610892	4.04995902479721	4.93070754936962	3.89280007968823	5.00939586363618	4.51853212094792	3.01000681816955	3.46499867326034	5.01358734420256	4.14555694153236	5.31098522866767	3.52549106070488	4.37025887739738	3.99718949837518
5.05094581035746	5.21937374798981	2.80443259363113	3.99241692065268	4.67532157157131	4.11411569122072	4.62915172267450	4.16771595181005	2.62282343245227	3.65520236831437	4.76093016833843	4.05456640409437	5.23152639774119	3.30699091807730	4.67505557165933	4.17861648892826
4.53836266626782	5.58987945131113	2.79037277531750	4.02489650492914	5.15373116914322	4.15477666732932	4.96414573099388	4.10888447147753	2.94269038692229	3.67616443695222	4.11369409695730	3.22632924343945	4.78547423395191	3.65889002888591	4.38484788388534	3.85422590542787
4.18294980546644	4.71193143014910	2.25601338696962	3.01780061397000	4.25798421518554	3.21614775502292	3.76006484567909	3.73862293976670	2.49747631152104	3.38793450963455	4.37083892173467	2.99365883895770	4.24522741125956	3.06017437049586	3.50640808367627	2.98394321958984
5.25796087184782	5.41696616312911	2.66211202565792	3.38860791348642	4.87883693557961	4.41694276110304	4.39680703737292	4.10473506481524	3.00002461958258	3.89446828318761	4.76423715191076	3.52495825230499	4.85326878796882	3.94750540083002	4.51683284752107	3.91638280592803
5.12513652417697	5.19313854392830	3.30290047376091	3.41642003436095	4.02089265128776	4.07749109575135	4.65733735032550	3.41999803272955	3.13207549867650	3.20686500580728	4.70183840700299	3.78943691669817	4.61010157322552	3.60355765847360	4.58461867579822	3.60379273962206
5.49639778644563	4.79176625960882	3.26602602075807	3.82113324133441	5.45414723962283	4.20464366829627	4.39334719844349	4.19782215082683	3.03265415162241	4.31680145090763	4.91350815423463	3.32252478693450	5.06921179317495	3.58086396654251	4.56750434711378	4.15279997054477

B32:
0.527680069338442	0.890752116325322	0.362411462273053	0.123932277598070	0.573709764841198	0.939141706069548	0.898486137834300	0.335848974676925	0.894941675440814	0.298243971887764	0.0484473392532221	0.104813241973500	0.117492852151833	0.789363943641905	0.530872257027928	0.187460806421687
0.479523385210219	0.982303222883606	0.0495325790420612	0.490357293468018	0.0520778902858696	0.301306064586392	0.118155198446711	0.175669029675661	0.0714528127870445	0.0463512648981808	0.667916121573624	0.127888379782995	0.640717922965926	0.367652918437877	0.0914987313394122	0.266178838907639
0.801347605521952	0.769029085335896	0.489569989177322	0.852998155340816	0.931201384608250	0.295533834475356	0.988417928784981	0.208946673993135	0.242486558936719	0.505428142457703	0.603467983830770	0.549540107015198	0.328814214756803	0.206027859505195	0.405315419880591	0.797830260211597
0.227842935706042	0.581446487875398	0.192510396062075	0.873927405861733	0.728661681678271	0.332936281836175	0.539982099037929	0.905153559004464	0.0537543922087138	0.761425886690113	0.526102465795561	0.485229408584959	0.653812022595774	0.0866665473955323	0.104846247115757	0.487603775433924
0.498094291196390	0.928313062314188	0.123083747545945	0.270294332292698	0.737841653797590	0.467068187028852	0.706917419322763	0.675391177336247	0.441722057064424	0.631069999213594	0.729709448223228	0.890475679184438	0.749131463103519	0.771933917099107	0.112283962156027	0.768958264058869
0.900852488532005	0.580090365758442	0.205494170907680	0.208461358751314	0.0634045006928182	0.648198406466157	0.999491620097705	0.468468199903997	0.0132832004672525	0.0898916507760917	0.707253485315422	0.798960278812879	0.583185731454876	0.205674521464760	0.784427890743913	0.396006745217875
0.574661219130188	0.0169829383372613	0.146514910614890	0.564979570738201	0.860440563038232	0.0252281814930363	0.287849344815137	0.912132474239623	0.897191350973572	0.0808624231303137	0.781377051799277	0.734341083695970	0.740032327987778	0.388271631047802	0.291570317906931	0.272938794123691
0.845178185054037	0.120859571098558	0.189072174472614	0.640311825162758	0.934405118961213	0.842206612419335	0.414522538893108	0.104011574779379	0.196658191367632	0.777240536548943	0.287976975614171	0.0513318861123711	0.234826914747904	0.551778531957228	0.603533438750887	0.0372346340703280
0.738640291995402	0.862710718699670	0.0426524109111434	0.417028951642886	0.984398312240972	0.559032544988695	0.464839941625137	0.745546073701717	0.0933705167550930	0.905134744223571	0.692531986386519	0.0728852990989761	0.734957541696052	0.228953252023100	0.964422667215901	0.673294914108653
